sin30 = 0.5000000000202799
sin50 = 0.7660444486914486
sin(30) = 0.5000000000202799
6! = 720.0
